k = 0, residu = 7.372923e+00
k = 20, residu = 8.110708e-03
k = 40, residu = 1.080029e-05
k = 60, residu = 1.502884e-08
converegnce en k = 63 iterations, residu = 7.785296e-09
